20230109042002003022072120000070010020029204659
20240424036001002415402030010100010020011429108
20230411029002006028889220000040020020042092116
20231107009003006791190610000060010010025540270
20241226020003007203420180000200030010047463502
20230525040001005037315470010140010020031926944
20240928007002008511875690000040030020027570779
20230719016002008955747780010170020030031794250
20230812021001005725432590010050030010047653089
20231204005003001887071520000300010010045317568
20230922029001008726516470000030030030024476081
20230706024003004946184390010080020030017463502
20230216025001005521999760010160030030016531945
20240111049002004064218580000140010010045540270
20231111017001005671692130010020010010027972716
20230227019003002687379310010260030020028536288
20230305048003001639723160010160020010038547401
20240310009001009654132350010150020010035309868
20230612028001008350918590010190020010049393993
20240418040001001771426960010140010010027972716
20240815041001000520220680000280010020015885446
20240907030002000530428580000010010010035495098
20240422031003002816664590010100020020036870258
20240718010001006540279630010290030030039710782
20240503020002008075526140010130020010035495098
20240804049002001748569030010050010020025539740
20240604021003002314622030000170030020029931335
20231223011001002255418820000060010030029479795
20230313036001008497591910010210020030013647667
20240713025001006037986480000220020030017653089
20241203023003001209671710010080010010038184670
20230920046003003046536440010130010030027682426
20240925033002001010379960010090030030022215326
20230310010001002908430940000170030010029022117
20240427015002007116292820000070010010044902057
20230817048003004637457310000210010030017677250
20240304007001002034209390000060010030038924630
20240603003003005467451010000110010010034476081
20230413001001007681975040010230010030028104634
20230128029001006227838840000170020020016906260
20230717039001004571220590010260020010025566653
20240217005001007611268960010220020020018075084
20240524001002002199842930000250020010021926944
20241120039003005063543590010140010020049581446
20230803012002005736425010000160010030010997705
20240823019001009177108880010050030030028924630
20230109047003001300562580000250010020047682426
20240826048001000769473440010080010020046918334
20241120015003001649068750010110020020017677250
20241104041003001745950890010300030010033947667
20230726003002007469192610010080020020013495332
20230307049002000108185110010120020020031892355
20240628024001003481354690010220030020045495098
20231028010003000704524580000230020010046688689
20230120015003006116888260000130010030021132581
20240628003003007814348730000110010030010183376
20230913023002006229353850000030020010035085705
20231023007003002875541740000190030020029388185
20240402021001005976922390000070010020015317568
20240828005002009352906070000080020030010997201
20230606044002001734785730000230010020044921478
20230406030003007582340250000120010010035495098
20231217007003001989036210010260010010039479795
20230325035003008109270740000280030020045386902
20240808004003000711276720000110020030028779294
20240222005003002300546080000050020010045536785
20231028040001005305223060010140010020042821353
20231122010003002292962810000120010030029141485
20230415028002009902194880010240030030045540270
20240122024002006421097680010110020010042284807
20230227020001000552469740010130010020030997201
20240513027001001006051950000030020030019823196
20230220033003006019387520010200010030010288456
20241122038002000128659080010060030010039479795
20241119026001002058272480010210010030026695171
20240115013001002505262950010080020030043099155
20240612007003007813764570010030020010046906260
20231011043002006933212080000300010020042092116
20241009047001003961207410010260020010035495098
20231105021003008369139860000270020020028903009
20240822024003008646007690010290030010028450725
20230118026002004243737230000140030030049388185
20231010049001006315679520010170020010049393993
20230513007001001689568020000090010020012821353
20230608034001000981367710010230020010029141485
20240814036002004280596490000140030010035536785
20240911041003002909952980010170010020035566653
20230606029001004161982330010030030010021794250
20241013013003002301259520000150030030048547401
20241217050001003853970270010010020020047682426
20230220040003004002965680010280010020020463279
20231227023002005828617410000150020010018425350
20230224031003006915447170000250030010018795046
20231021040001002070536310010140020020015539740
20240918031002000830995910010020030010023822679
20240413020003009691422970000300030020049232685
20231115030001005674123830010130020020032859461
20230825010003009176725490010060030010027044690
20240719030001009711175580010240020030028425350
20240108030003004778328670010220020010016918334
20240425009003000330576820010160020020033296461
20240202007002001626865810010260010010031892355
20241028034001001146036010000240010020030881578
20240106043002009956984320000280030020019581446
20230418011001003658793860010230030020026688689
20230218048002009479941110010080020030027463502
20230310020002002385280320010210030020047677250
20230624025001003381823330010270030030042284807
20240510002001000868813520000020020030048924630
20231001018001002694726250000250010030028425350
20240706031003009608517360000240020020039388185
20240623039001007375854320010170030030040645978
20230809044002002522842640010110030030040881578
20240925050002008896074070010100010020044121809
20240620045002008396607250010250020030015317568
20240507016002009740263250010300020010011926944
20230308021003003240889530000060010010031892355
20230621016003008725022040000020010030029141485
20241022025002003796761240010210020010022302957
20230217048003006269796480010110030030034476081
20240915028003004448040860010200020010038924630
20240722034003008924809230010220030010040183376
20230125041002007570100850010290010030010061043
20240305022001006019143370010120020030047972716
20230823042001008936054320000080020030030881578
20240119016003008966551540010060020030018491466
20230910004003006172878340010230020030025085705
20230716020001003073827980010240020020049479795
20241127037003006225049760000290020020020061043
20230227048003004633844570010270030030045331273
20230619045003000787954160000290030020038184670
20230403042002003831366440000260020030021926944
20240901046003000289333420010200020030040645978
20240628024001003201878420010210030030036870258
20240108006002005927890160000210020030038547401
20240726010003004139998850000100010020030463279
20240812041003009479830810010060010020016906260
20231121013001004704028990010230010030042092116
20240917040002007429483160000010030030049653610
20230603039001000747868170000280010010037653089
20230502029003002778604820010030020020035085618
20230106031001001298254070010150030030031429108
20241019020002008605273130010080020010039141485
20240524038002001427092150010280020030032974351
20230805018002000761400660000180020010038547401
20240707024002005783767210000200030010044921478
20230705032002001630940350010160010030019388185
20240107046002000176450910000170020020046979596
20240215036002001990317430010260030030046979596
20241227004001008484374580010050010010020288456
20231201016003008888517430010070020020027653089
20230819025002000255472210010140030030047972716
20230703038003004312432570000170020010049388185
20230826043001009418925180010260030030022302957
20230815006001004676108650010050020020037463502
20240221038003007046513450000280030020047310430
20240528018001003422470240000200010030031429108
20240921028002001993398350010180020030031794250
20230321039002001705104640000140020020022859461
20230902046002003274309950010170010010026918334
20230308018001005613746730010170030020047972716
20230324018001001252383120010110010020014121809
20240607046002006318163760010180010030046978962
20241112016003003028916910010100010030043947667
20241211026001005013896170000160010020036870258
20240911040003004508531040000160010030025309868
20230618038002003737636680000140020010017310430
20230719015001005980722460010060020010020780390
20240626023001004416896130010190010010019581446
20240124046003002949941130010230020020031475137
20241027013001007516394780000210030030014476081
20230610036001006668075870010040020010028903009
20241016037003005485426540010210030010048779294
20231019021002001407218080010100030030022284807
20240422019001000305511930000150020010044476081
20230517032001005183282440000150010020038924630
20241011007002007514297710000120030030032302957
20240111002002008362972530000020010010028536288
20240815018002007795603430000270020020044902057
20241101024003009781980290000130020020022821353
20240101004001006106251570010170010020033276626
20240616027001000243611390000220030030040645978
20240909013002009378468380000250010020037682426
20240920014001008721836990000250030010048075084
20230302048003006531993570010010020030011281507
20230209045001001257065480000160010010014476081
20230222027001009223463360000130030020024121809
20240707042003004253358150010270010030029931335
20240128026003004374565590000300010010018036676
20230521040001009754266730000010020030033947667
20230613039001006726345610010260010030022974351
20230904043001001284843310000100030010038795046
20240602032003009065496160010030020030010586692
20241003026002003980689590010270030010028450725
20231221049001007143310190000070010020031429108
20240208041003008174164850000080030020030288456
20240228029002006697867230010030010030047463502
20230723026002005467756770000030030010021794250
20230214002003006176219610000100010020018779294
20240911042001002018727390010110010020022974351
20240818020001005080966870000180020010017509279
20240313024003003002335740000170020020019232685
20231021016003004385357910010070030010033099155
20240423037003009923243780010080030010043947667
20230726042002007108058470000280010010048795046
20240416004003006304234010010300010010010183376
20230523044002006929757470010270010010027972716
20240215012001000462851910010230010020017329338
20230526021002009427701940000130010010040463279
20241217041001009788101220000300030020028425350
20240204042001002346180230000090030010010288456
20230801048001002516011930010250020030021347491
20240910015003003910408410010020010030017682426
20231127006002009619656030010170010020011794250
20241107028002004523003740000020010010049500927
20240912044003003707738830010300020010048150626
20231004010003006939388780000030010020025085618
20230813027003006713521460000170030030011429108
20230606005003006053687120010100030010029653610
20230908035003000603591080010220010030013276626
20240520040003003474487420010150030010011794250
20240708026003000437865450000300030030019204659
20240916006003002021331920010070020020026688689
20241120021003006600415960010120020020026695171
20231103030001006747213160000120010010015331273
20241204025002002491285120000160020030040183376
20241006021002008119323110010030010030028491466
20230912023002005065901030000100010020019653610
20230326045001007815602270000290010030012215326
20230809035001008703320990010040020030031926944
20240320021002000684465510010140010010025317568
20230701038001000334154550000250030020042215326
20240917006001008494251550000090020020046978962
20240620044001007638531680010140020030023947667
20230101042002001647642860010140010030038150626
20240204037002008117020750000010030020019653610
20230124025001009190007340010210010030045386902
20240224038003004789034190000230030010034476081
20230405039003006603507170010240010010045309868
20240807045001006278164130010290010020039479795
20230826002001003156490280000220020030029823196
20230520038002004170796530010080020020048547401
20241010042003007231356930010090010020023822679
20230310035002001959817650010090010030049022117
20240210004001006785625310000260020010039581446
20241006012003007706703260000260030010017677250
20240823022003001102489830000160030010048184670
20240616032003006977635540010140030020016978962
20231023021003008199598550010290030020022092116
20241203039002003044262660010300030030027044690
20230604016002001645517020010160030030025540270
20231120032003007182009730000060010030030463279
20240328018001006240251520010050010030010586692
20230205017001006026730110010270030030013276626
20230110025003005267288690010290030030015331273
20241217038002004855516860010060030020017310430
20230314037003004273964880000160030010023638595
20240811045003000559457180010080010030033099155
20230918036001002084071770010290010020019201906
20241208010003005181064650000200010030037509279
20231218045003005358287770000290010010033904728
20240420023003000106775060000260020030040645978
20240504036001009978789280000240030030048779294
20231201038003006286419320010240010030047463502
20230117047001008121622470010140030020023649440
20231220005003002467836340010280020010010997705
20241212007003006871740780000010030030029388185
20231014032001009987088450010040020020022302957
20241124049002004242175160010240030020049931335
20240702008002009140359150010300030010049201906
20230327049001008758301510000260020020014476081
20230204011001009882749980010040010010028795046
20230221003003004079225210010070010010036979596
20230105036001007470745640010050020030019653610
20230321036003001503666770000230020020021347491
20230623018001004971948250000240020010021926944
20240523014001002167894560010290010030049653610
20241225040003007139896730010070020030029931335
20240517002001006049871120010300030010049653610
20231205030003001945376940010040010010030061043
20241213018003002205801210010110030010028075084
20240804017001003287102490010090010010012821353
20241203028002000781045470010270020030049479795
20230327002003001732978330000040030030029581446
20231027014002005974604530000240030030037653089
20230428015001004305976870000080020030046870258
20240402029003009717951760000240030020048491466
20231227029003008147983110010020020020012284807
20241002049002007717301050010290020010043137695
20231212021002001581168630000160020020020997705
20241111036002004042859560010280010030016870258
20240422041003000738150230010300030010018779294
20241218018002006126702220010120020010028036676
20241116023001004073191060010180030010030997201
20231203033002001056143740010280030010018450725
20230921043003002237637940010140020010040881578
20230827049002000831865890000290020010030881578
20231111043003004858768280000250020010026918334
20240311020003008829714740010150020030035331273
20240418015002008990878610010070010020019141485
20230526040002004495234340000130030020010183376
20230515038003006327062680010200020030015386902
20230521006003001373483460010030020010010997705
20241021028002002935379950010120020010021475137
20240919039002006833228490000230010020029022117
20240104008003006364799970010010010020030881578
20230514012002004192490360010180010030039022117
20240908027003003799873620000200020030026978962
20230805007003002588688780010240010010028450725
20241222048003005173058220010150020030018450725
20240816020002006451886290010130010010033647667
20230718029003009729042810000090010020030997705
20230418018002003074610470010160020020023649440
20230723041001009108523160000280010020023638595
20240127013003003435671180010130030030012092116
20240806023001006247367080010150030030028903009
20230411003001000729951430010220020010040997201
20240504009003008591061890010150010030036688689
20230616006003005962312760000060020030019141485
20230214030001004396067960000100010030039232685
20240828033001003530695570010300020020029022117
20240821050003006732374560010250020010039581446
20230123022002009638406060000050010030045495098
20230110041003000160610580010200030010042284807
20230608047003007341510860000260030010027310430
20240514007002000859635790010080030020049201906
20240818023003009301337930000020020030030780390
20230527049003001310711240000250020030014902057
20240119021003005268226970010200020030018577120
20230319044002004953011330010130010030047653089
20240909045003004474811190010120020020018036676
20230405037001001649735430010250030010026531945
20230615043003004057128380000220020020041347491
20240921040003001527227420010280010010019823196
20230410043002009620509790010200020020044902057
20231019023001002224340630000110030010049581446
20241202008002003923621140010240030020016870258
20240325023002006103781860000100010010025331273
20240922004001000403936870000260020010016978962
20240509045001009210017660010250020020039581446
20240121049003003804729550010150030030020780390
20230817019001008912715590010100030030038425350
20231211019003001474636270010160020010023495332
20240124001002007746940120010200030030017677250
20230415026002001147624670000200030030024476081
20241125012002006864753660010190010020042974351
20240611023001006932280820000030010010038903009
20240120034003001642137620000090010020013099155
20231117037002001725601670010050010010028425350
20230207010003008024987840000060010010033638595
20230521042002000318118190010170010020048536288
20230623005001008169253970010280030010025309868
20230508022001007212279470000120030030028903009
20240201049001003411307120000140030020041926944
20231002042002005025300280010210010020011794250
20230619013001006379584080000150010020019710782
20230105044002004909115070010150030020023495332
20240407036003004676632320000180030010017972716
20240821047001000188163830000080020010036688689
20240603040001001753447810010150020010035495098
20240124001002002436297170010190030020033822679
20240715036002009056366930010130030010016688689
20230822023002004861935640010100010020020780390
20230203031001008316026360000070030010042092116
20230327037001003991720660000050020030023099155
20230216033003008960629640010210030020015540270
20230919034002004344994980000220030020023947667
20230906013001004110002750010060010010048779294
20240305047001008949854780000250030010037653089
20230304024001007193127060010230020010047463502
20230524023003004904092130000020030030046979596
20240914025003009764388560010210010020016688689
20230617040002005772998540010010020020036918334
20230523005001008597476120000040020010039710782
20230706037003001575927870010130010020017310430
20240202018001001045893230000070030010025085618
20230715009001007587351320000220020010019479795
20240910046002001353709050010030030030030645978
20240623028003006974805150000300030020028924630
20240622048001004901351720000050030030018450725
20230806036001000871585430010230010020037509279
20230105015002006161344180010230020020033296461
20240920046003009195790320010240030030018491466
20230505037003000396570460010040030020046870258
20240927003002007982426160000080020010035085618
20230202040002003892974410010030030020046979596
20230602035002006979835550000250020010018075084
20240828017003005597133720010180020030046695171
20230702013003008453415210000050020030017329338
20230201019002004396547550010060030030030586692
20240809017003009742879960010060020010033904728
20240112036002001262163860010200020020038150626
20230901012001009728464460000030020010048075084
20240318005003004228581790000120020020028536288
20240710010002008897790380010010030020027329338
20240424017003002206583070000020030020040183376
20240210008001001536247750010100010020019710782
20240301009002004904810620010030020010034902057
20240807049002000937460640000170010010028075084
20230722012003005863453220000120020020032974351
20240609048001008238700360010170010010041347491
20240802003002008723823040010250010030047044690
20231112009001001790024010010110020010037463502
20231005020003005096355660000280030030020061043
20240804022002000236265460010020020020026906260
20241116025001002730106220010230020030025386902
20230522012002002417406010010100030010040645978
20241216028002005137759570000180010020015540270
20240308026003003906806170010150020010020586692
20230819033003000785218470000090010020018577120
20230304011001005322571130010210010020038036676
20240327022003009633591920000260030030019710782
20230106030001004260514440010260010030033647667
20241110040001005844665890010200020030034476081
20230210031002001375781690000300020010046695171
20241024034002004699799960010090010010048779294
20241122025002001510989790010290020010025386902
20240707027003000149802040000260010020019393993
20241010009003001504991150000020010010025495098
20230907005002007137717770010280030020018150626
20230127003002009169752220010070030020028779294
20230218037002009413593930000250010030029393993
20240408037001008569910180000120030010017310430
20230525044002004202964730000190010020014476081
20230819028003004946615590010210020030035317568
20240618013002003602281710010250010030041475137
20240902016002001895166390010270020020033649440
20231225036001002425634570000170020010042974351
20230705002001005041466820010050020020046979596
20230909047003007647824960000170020010045536785
20231119005002002908837960000130010030027570779
20241217017003007260008710000050010030010997705
20240122025002009093352560010090030030018795046
20230727021001007460784220000290030030023647667
20230522025001006033196340010280010010024902057
20240510029001006265492340010190030020046870258
20240201008003000571352770010210010030049823196
20230828001003007714207020010280030020039201906
20230610012001004398187990010020030020043649440
20241128017001007907372950010160020020028425350
20230622007002003175643670000180030020030997705
20231212043003006805976230010120030010010586692
20230417045003008797926350010200010030011475137
20240313025001004363413340000270030010020183376
20230409029003004134813520010050010020039500927
20240809020001008848651850000120030010019653610
20230526015001001240846610010210010020013638595
20240309045003003614436540010200020020030586692
20230824047003006432564450000090030020036695171
20240306027001001107901670000150020020046906260
20230712038001007487559840000110020030027463502
20240607019003008106320710010150020010018150626
20230604025003002998078860010170010030041794250
20240926040002009433217730010020010020038779294
20240625003003003986456490010080020030023649440
20240309023002004886648060000010010010016695171
20240922017002007225162120010240030030020881578
20231127031003008272510110010210030010044476081
20240304002003006991577280010020030010030645978
20241026018001002898839860000240030010028425350
20231024004001003737258720010290030030015885446
20240111040003009714521760000140030030043276626
20230504013002001815421580000070010020012821353
20230306025001003597833390010190010020011475137
20230523046002007239931180000080030020011132581
20240323018003003228431440010230010020031281507
20240318008002009603920660000220020010024121809
20231011033001006453418890010300010020018903009
20240419025003004112741610000010030020025566653
20240307043001002463451860010100020030033638595
20240818044003003904164010000300030020049931335
20230713003002009635344290000210010020028150626
20240317033002002181571970000260010010049232685
20230110039002000123700750000240030030019653610
20241025003003006303200390000260020030017463502
20240703042002001462050220010070010030027329338
20230625048001006842594440010230020020034902057
20230311049001003941619240010080010020020645978
20240128047003000813370060010250030010027463502
20240111046003003111146140000120030030048924630
20230425001003003214489320010170020020043638595
20231009026001001003854220010240020010010881578
20230314028002007047381480000160030030043822679
20240203024003000465518640010240010030026688689
20240826011003009552530490010240010020039393993
20241116009001006559758090000250010010039022117
20240513014002006691557380010020010010043296461
20230410012002004774862610000070030020015566653
20240508003001007728319640000130010020032215326
20231020043001009125803270000120010030027044690
20231025004003001979178790010160010020048924630
20241017034002005936854740000020020010037570779
20240406050002004776286980000280010010015085705
20240825038003002823273930000170010010045495098
20231022022003004816941510010300030030010881578
20230715012001002921393180000180030010038536288
20231021049001003672765560010240030030015566653
20240826008002008155632270000010010030039653610
20240726022003009409662950010020020030045309868
20230902018002004881286820010120010030018795046
20240413038003005817430290010180020030032284807
20231207038001008245908430000210010030039710782
20230303003001008811278290010210030010036531945
20240525018002006708261090000190020030027329338
20240722042003006941202430010100020010013099155
20230413001001003202908880000130020020033822679
20230825045001003406310020000270030020043947667
20241114029002007591419190010020010020023276626
20240805006002004172103290010160030020025317568
20230424029001008615257560000190010010033099155
20230804049003007625422890000060010030042092116
20231220012001009986144090010280030010043495332
20230901021003008508723950000040010030044902057
20241020026002008577522720010210030010036979596
20230628030001008182773260010110030010045331273
20230711015003004831763270010030010020043904728
20230820010002008719663490000270010020042215326
20240616003002004538991690010160010020027310430
20230115032001005993275860010100030020020881578
20241024018003000137153180000150020030023638595
20240910015001001285140860010140030030032859461
20230121019003000178914960010130020030035495098
20230106016003001024962890010190020010028547401
20240614035001005182801010010210020030045566653
20240611038001003705696870000020030020016695171
20240309037003002070762460010020010010045309868
20240124020001001869832030010290010030011429108
20240624029002000520248230000220010010013638595
20231024012002003997294720000190010020043276626
20241008044001000507708580000170020010030768602
20231211040003001778090770000060010030011132581
20230801006001008424706840010210010030013276626
20230908013003003958654020000230030010018184670
20240115012002005208124860010230030030049232685
20230421050003002801980140010230010030045085618
20231121022003003365953970000170020030018184670
20230306041003006721160450000210020010044476081
20230124009001003897299730010060030010049500927
20240106047002002139092190000160030010040645978
20240914009002005568710230010220030010010645978
20230411012002005641625960010230010020018547401
20230327011003006008517990010130020020035566653
20230705019002006110152410010110020020036688689
20231106024002004588048770000010030030032859461
20230801021001004609913070010230030030036906260
20240504041003004393485240000240030030035885446
20230118010002006693935360000040020020042974351
20230222034001002066546040000020030030020183376
20230517038003003223030550000260020010017509279
20230305015002009942500180000300010010037653089
20230422048003009307113850010120020030033638595
20230210008001000799221580000030030030039232685
20230918013002008429291710010090010010029204659
20230506049003004719015730010170030010036979596
20231120039003005918314510010080020030037570779
20241203008001002413795590000120030030033276626
20240528039003002813777790000270030010025536785
20240402003002005857882310010060010020043649440
20230206023002004357520720010020020020036688689
20241027046003009866923480000080010010038795046
20231223042001006677002120010240030030048577120
20240220032001006449799420010210020010047044690
20240509017003001455697810000070020030028536288
20230205026001002350501280000240020020013099155
20240523004003001514154260010150010020029393993
20230410003002003423752620000030010030015495098
20230401011002005251212070010170030030018491466
20240421047003002322805680010270020010028903009
20240215023002008100843230010210020030049653610
20230315005002003247634140000210010010030288456
20230509013001000241749470010050010010033495332
20241024012001007739529970010230030020015540270
20240101018003009036895410010060020020037463502
20240928015002002629570670010140030010029141485
20240413021003009678745710000030030020043947667
20230803011002006329620630000160020030015536785
20230514017001006867652170000110020010036695171
20240504010003000403582490010230020030041281507
20230202048001001366539450000200020020010997201
20240721031001008520615920010240020030029393993
20240713043002008001631320000250020020044902057
20231012050002009120833080010280030020023137695
20241124021003007715930770010060010020043638595
20231121010003003119963230000200020030018536288
20230703036002008348125610010280020030023904728
20241126012003004188590960010230010020027509279
20230925048001008991769390000140010020025539740
20230919038003003721855820010250020030021926944
20230101025001000822269450000190010020035085705
20241025021003009844772420000130030020023296461
20230702006003008855051810010100010010046979596
20230828005002005379682850010250020020015885446
20240224029002005788865620010010020030034902057
20230907039002007159046790010070020010023904728
20240114012002006324554110010040020030014121809
20231216025003001428487080010120030030023647667
20240423046002002935346110000180010030049022117
20230107002003000418545350000010030010018450725
20230501011002009001221730000080030010031429108
20230521016002000123758840010220020020049141485
20230507045003008245306720000010020020048779294
20240227001003007244260450000040010010048547401
20230304019002009363963750010230030010010061043
20230311046003001507267320000180020010019479795
20240820043001001996367720010250010010021132581
20230505027002000765791010010050010030028779294
20231112018001000723031830000070010010039232685
20231205037003006789186690000210020010016695171
20240102013001009981705270000080030010043296461
20230908041003008955975050010220010020015331273
20230228010002009932470050000250010030021347491
20241120046003006921096750010230030030049931335
20230304026001006882580290010090020030020061043
20240503009002008242469640000250010010033647667
20240402046001000956204660000060010010047310430
20230909014001006590295220010190030010017682426
20230512030001007023637340000090010020031347491
20230516029001006359611040010110020010033137695
20240823035002007069958710000180010020020768602
20230616034001001150865750010270030010045566653
20231015050003001323998780010260020030028450725
20241105027003002551733040000050020010029710782
20240524035002000909862430000040010030038150626
20241123044003000259051150010160030010048450725
20230118049003009554238690000120030020038104634
20241206003001009553809020010090020010024476081
20240117032002002471716370000170010030044476081
20230712034001001340012220000030020020048779294
20230311001001000401314080010260030020016978962
20240525025002009581200220000190030020033495332
20230318015002000399362240000260010030029823196
20230824046003002941336090000130020010043296461
20230317047003004018526820010100020030018536288
20230507004001000596260290000090010020048425350
20230723023003003912392240010070030030019393993
20230727007001001055772540000220010010049931335
20241125017003004237794410000190020030027682426
20230219001002009198797460010080020020017044690
20241028023003000814330060010220030020037329338
20240220022002001981653080000260020030023638595
20231223027001007982594810010220020030038104634
20240623040002000404312150010210030030023904728
20240922033003008624287170000230010020041794250
20240808046003009963585230010020030030010061043
20230702020002005286896640000140030030030463279
20231228007002004893935790010280030010010645978
20230525030001005605514750000300020020028036676
20240120041001001619532970010110020010049201906
20230920026002006389393280000010020020043638595
20230317011003009618706160000070010030012859461
20240216049002007887252530010080010030031475137
20240412022002007356522360000200030020045085618
20230619030001006385197650000230020020030780390
20240602047003003191233370000300010010037044690
20231126031003009140298650000180010030038903009
20230828013002009347730970010210010010026531945
20241027018002006203068860010060020010049931335
20230316017002002764382340010160010010017972716
20241106039001009368643960000280010030039500927
20240404031002005678895250000190010020040768602
20240113036002008961562170010180030010036979596
20230712014003001730804850000110030010035540270
20240924047002006017479050010200020020035495098
20230123046002006148903540000070030010037653089
20240215039001006761772460000280030030032092116
20231013015003003197295810010290020010020997705
20230709015002005376030310010220010020044121809
20240525037003008018009750000230030030012859461
20231106037002006564421180010250010030018795046
20231005026001002691483470010190020020045540270
20240103016002001629363290000190030010026979596
20231205004003000479880670000140020030016870258
20240221016001008171869590000060020020039393993
20230527005001009111383690000020010020023822679
20230226017002009040591010000290010010021281507
20231114034003009418470810010250010010033647667
20231006012001000740833290000160020010041132581
20230709015001009509809910010220010020014476081
20240407014001000159705250000280010020048924630
20230324043002000599709420010300020020033638595
20240523044003004851204940010090010030045317568
20241202023003002256213970010250010030045536785
20240923009003004122367240000190020030038450725
20240206035003005258847360000010030030019500927
20230503048003007505369370010100030020033647667
20240816018003006708506360010250010030030183376
20230901010003003054421420000140020030030780390
20230925019003002721648260000300020020013822679
20231107045001001527524760000270010020047972716
20230903022002007290569490000280020020035885446
20230826030002001986485710010150020030023904728
20240404021001002802002910000190030010041347491
20241122003001003396285150000130020030035317568
20230912040002007095943690000180020020036979596
20240505047001009149035660000160030030043296461
20240404017002004631083870000210030020035885446
20230221028002004889567420000060010010024476081
20240122009001004745781460000200010020048150626
20241214018002007219707770000220030030019931335
20231117040003006255290760000170030010039141485
20240719034003001701933790010300020020040288456
20240607020003004019284250010260030020013099155
20240913008001001292229910010010010030027044690
20240624034001000368252130010130010010039201906
20231117030001004224987770010030020010039141485
20230817019001004555123490000150030030048795046
20240608032003003099791060000130030010037329338
20230403013001009221980530010070020020036695171
20230706008001004058773960000140010030020768602
20240707031003007358616660010080020020031429108
20230225040003009766759390000120020010035085705
20230405023001001752010310010140020030015317568
20231215047003000865572720000200010020028104634
20230803022002000263090240000090030020042215326
20241226033002007820701870000070020010043947667
20230912028002007028623740010010020020035566653
20241225044001006442940850000030020030027570779
20230309035002006368250940010100010020026531945
20240312009001008325236850010210030030019141485
20230418011002001264387840000020010030039500927
20240601003001009469459670000070020010031794250
20230117011002001484556330010100030010035085618
20230605044002002746725150010260030020027653089
20241115014002002391517250000240020020017682426
20231001004001007432040650010150030020048795046
20240106029001004589209570010070010020038075084
20240916032001002699286120010190020030038075084
20230212041003003563611610000120020010038779294
20240605038001004221214690000190030010019500927
20231114049001006913060440010270010010025386902
20240621044002007416377010010260010020020288456
20240705038002000269622840000200030020032092116
20230620023003008182113720010240030020024921478
20230311002001001701975790010120020030036695171
20240621018002004668259720000020030020043649440
20240902045003006722916570000160030030037570779
20230209035002004124070210000220030010028779294
20230418032002000744621390010120010010021794250
20240414005001009967844820000210030030013137695
20241008014001004993845190000170020010045566653
20240807026001004837753960000080030010011892355
20230823009001004119027130000060030010018795046
20240512033002004358737660010250030030039201906
20231223018001008618296340010160030010045386902
20240106021001009234302390000210020020036870258
20240906023002002538757980010230010020024921478
20241001050001002277864360010190030020042859461
20240414021003000538618170010040010020035085705
20240527047002008950668230000160030020027682426
20230318043003009593596170010090010020035085618
20230805013002006542543090010210010020045495098
20240803037003001834205490010090030020028450725
20231216042001002351782260000030020010046979596
20241001042003001761672840000170010030015539740
20230701012001006047553410000050010010032974351
20240822018002006583874220000080020010020997705
20240516014003000592613580010070030030010061043
20231005003001001316936810010200020030025566653
20230810008002003149908610010180010020021132581
20230528014003004371512120010160030020038924630
20240902030001005283017640000180030020032302957
20230603022001000735515570010100020030016531945
20230422010003003206227640010030030010047677250
20240227032002006239056190010140010010047677250
20241006027003003218985570010180010020048577120
20231204005003008016633530010110010030016870258
20230619007002001884929920000110010030020288456
20230605037003001699971780010050020010023647667
20240501014002005943596350010220030030048104634
20231104034001002264132380010230020020037044690
20230707018001005758524510010050020020021347491
20240820037002007920134730010100020020033947667
20240122012002006025256310000170030020049201906
20230108001003000535635860010190030020010061043
20230723015003000129338320000180010030049710782
20240115023001000881573790000260030030037682426
20230505019003000303318290000190030010029931335
20230523040002009675629650010150020010049204659
20241114010002007939287160010220030020041926944
20230309022003006867016950000250020020047044690
20230124013001002014277950000100010020012284807
20241025020002006508218930010130010030023099155
20240323013003005516974770000120030030030061043
20240308050003004835231430000030030010025331273
20231213006001006524924080000070030030026688689
20240803013003004593951540000300030020035085705
20241001037002006726543640010180020010010997201
20231221040003007182016660000200020010026978962
20231022032003003899808040010280030010026978962
20240306018003004322378210000260030030040997201
20230722028001008652533020010200010020041132581
20230728001001008804322330010190020030033649440
20240728015001004851263780000220020030016979596
20231202034002004454760480010170030020045566653
20231108018003009808076730010160030020012821353
20241007046001002726918410010190020030015495098
20241109039002002309894830000300020010037509279
20240116044001003792783630000180030030040586692
20230219043002007105794340000280030010029581446
20240201004003007190494020010280020030014902057
20230408010003007298851450000200020030013822679
20230321018002001512716030010020010010030586692
20230316018001002984059810010210010020015085705
20230222033003003940597990000160020010047310430
20231216012003003413759580000250030030022974351
20230507050001006454257750000120020010033647667
20230311039001007888178570010130030020018491466
20230601025001003705845250010240010010010288456
20240723036001006396647920000090030010037463502
20241222044003003410520120000270030010022284807
20240828042001004029780120000190030010011794250
20240614045003002777608930000130020020013495332
20231218014001006264862940010150010010049022117
20230728018003003785160930000250020010021794250
20240718010002001608356160010160020030049931335
20240307017001006898312080000200010030016906260
20230226023002004743240980000180020030045536785
20230501003003002846094770000100020020049232685
20230315033003005682438780000260030020026979596
20241124046003005378754650000300020020023137695
20230620015003002575558960000060010030011794250
20230225008001001535904840000090030010045539740
20230121036002005949888810000140020020011926944
20230510033003008691755910000050030030012284807
20231203040002002483476520000220030010035885446
20230601018002000234018910000110020010029022117
20240824030001000143253240000010020030045331273
20240605039001003102888330000130020020022302957
20241126010001009151912710000060020010048536288
20230324032001008275151480000150010010029479795
20240905043002008651651060010290010020015566653
20240128027001000652323570000190020010049204659
20241114034003006721208980000270020030026870258
20230916019003009085721170000030010020038075084
20240411036002007807607050010260030030025540270
20240406024003009657846660010180010020041281507
20240517016001009630189550000250030010048425350
20230909036003008496570640000090030030017682426
20230603023002009920393720000270030010017463502
20240227037003005123471590010180010010042302957
20231119015002009676766350000130030010024921478
20230609002001004069522740000130020010018779294
20241210009003009358429250000140030030032284807
20240207034003008975608640010050010010011794250
20231204031001007815630270000010010020018104634
20230126031002007619284410010040020010043822679
20241203046001003650404080010160020030010586692
20241009026001007881721390010160010020010997201
20230120020003001093353540010270010010030997201
20240907012002000552969510010030030010027310430
20240816029003001675081070000060030030023904728
20240809038002000855809840010290030010018425350
20231110017001006489856050010220010030045536785
20241019009003003112544840000190030020037677250
20240308025002009116093230010030010010025386902
20230509020003004055575240010260020030048150626
20231118012003005058703530000200020030028536288
20230202030003004313138420000240020030039581446
20240706007001006756350270010170030030039581446
20240214019002004069403260000270030010017972716
20240909006001002050899430000230030020026870258
20230322032001005303491140010120030030040645978
20231226043001009356604110010160020020023099155
20230127038001006493666530010260030020021429108
20240317043001009068436850000030020020045309868
20231227028001006808291920000090020030043904728
20230510007002007383207240000170010030023276626
20230509020002004804783910010060020030049201906
20230304010001003645118940000160020020042821353
20230501010003009954447930000030020020028104634
20230224033003009185918310000070030030047310430
20230724029002007227886170010130030020030780390
20241212020001006987544410010050010030021892355
20230310022002009292212690000180030010035495098
20230809007002005583145230000010020020014121809
20230424020001000133753950010230030010038425350
20230112011003008513987050000300020030022092116
20240401017001005026577860000280020030049931335
20240504003003003612837320010100020020027972716
20241014039002002365654840000180030020013647667
20241203005001000106871130010200010010017044690
20240221008002007111057060000080030020030183376
20241023025001001893913480000100020010015309868
20230911033002007719875760000100030030010061043
20240627034003007668378360010190010020033822679
20241012010001009370721870010050030010027570779
20230704026002005466103540000150020010025317568
20230411044002009845028510010130020020022821353
20230102050002009822545030000140020010018104634
20230205029003005103677150010230030010040997705
20241107017001002092646360010230010020016688689
20240301012001000216013030000220020030027677250
20240518021002005036248240000090030030011794250
20240910011002002838516670010150010030024902057
20230315036001007616353090010210030030040997201
20230502032003006331012820010100010020016978962
20231121015001000361344560000170010010036906260
20240917040003009488977920000040010010028795046
20230627041003005978914820000050010030027653089
20231128050002007317194080010150010030015540270
20240115005001007172040030000250020030039500927
20230313017003003891762810000120010030019479795
20241212016003006707876030000250020010016531945
20240615045002002276445020010110020030049823196
20230409014003006522558350000050020020028924630
20240307047003005061946370010010020030038450725
20240517030002006548222740000300010010022092116
20240510017003004274554370000170020030032284807
20230222034002006035656460010280020020011281507
20240521032002009984387070010090010020018036676
20231103005002002557451440010060010010016688689
20230404040002001871126290010130030010039931335
20231005016001007754327510000060010010017310430
20240404023001005182323710010010020030040780390
20230824023003003432950560010090010020049388185
20230828022003005750626610010150030010037972716
20241213008002001616518780000300010030031347491
20240212004002007993723150010200020030039022117
20230920003003009655414480010140010030010997705
20231023014001002321732560010090010030018184670
20230505029003001005868910010020020030030997705
20240311009001000936472960000300010020023822679
20241008044002007861705210010030010010039653610
20230426041001009404832590000250020020030586692
20240624035003008866211910010180010030036906260
20241010031002003886491770000290010010033296461
20231020039001003257808910010260020010033947667
20230509015002001718632280010250010010029500927
20240620041001005469568340000080020030019141485
20230313045001001960967050010260010030031475137
20240615023003006353867630000270030010024921478
20230312004002005203525470000220030020049201906
20240827036002006783799070000040030030017677250
20240101040002003600038740010220030020023947667
20231203041001006882477180000070030010039201906
20230728010001000444615290010080010010027463502
20230606006001006520123410010210030030013296461
20230301012001003085063160010070020020047653089
20240328001003009074718470010220030010028450725
20230612025002008259499750010290020030033904728
20240215007001004764336030010220010030035085618
20241121003001000582123310010280010020032859461
20240214033001000130072940000250030020025540270
20240623015001009729255770000180030010023495332
20230326041002003156057040010120030020040183376
20230319039002009982020150010120030010011429108
20240223020002006920241150010250010010033822679
20230705050001003935905550010210030010028903009
20241225025001009835536850000040010010041429108
20240817046001009394750150000270030030022302957
20231119011002002747465040000090020030030061043
20241108032001005402693620000140020020037463502
20240228046003006547418720010130030010024902057
20230406001001008452636590010030030020036695171
20240724041002001420861020000010030010049710782
20240423002002006160091280000080020020010997201
20240104024001000501711660010210020010015540270
20230827028001004524681430010140010020027972716
20230311029003006176266350000010020020025309868
20241128047003001187394180010070030010027682426
20230307004001001225682310010140010010035539740
20230808032003005890291480000020010020031926944
20230911039001008497215210000170020020015885446
20240610007003000120094130000220020020020881578
20240127027001006187421340010140010030018491466
20230202030001009241418910010100010020039653610
20230228010001006372136510000050010020021892355
20240422011002002269233060010030020010028577120
20241204014003000328137220010040020010040061043
20230212041003002173076090000090010030031794250
20231122001002005315354390000240030010037044690
20241202049001008647949990000190020020010061043
20230712038002002428767240000240010030028536288
20241119039003001814339740000220020010035885446
20230902025003005515754970010090020030028075084
20230118008003006179515350010090010030038075084
20230413047002007388162170000090020030011132581
20231021025002003942604270010240010030022821353
20230123025003005256990490010110020010022092116
20240517043001000595098620010100020030045495098
20240917036001004290460790000220020020035539740
20231113027001005862883230000210030010029653610
20240612025001009174981050010300020010038547401
20240322038002008506938230000240010020029204659
20230920010003009093106750010070010010036870258
20240410041003002524344010000270030030030881578
20240524002003008823055710000230020030018903009
20230628005002005823576850000030020010038450725
20230115026001002567255760010040010020015539740
20230407050002007472821920010060020030025536785
20241211029001007657077590000050010030046906260
20230511023003000203820160000140020010010645978
20240212019001000593887540010140030020038450725
20241008036002004225722960000240020010018536288
20230715038003005583789370010250020030028924630
20241008043003006576880720000050020010013904728
20230702049003006080025840000040010010039141485
20230409050003003511395930010240030030020768602
20240302038001006220785790010230010020010645978
20230924011002000615205060000080010010018924630